1.000E-03 4.077E+03 4.065E+03
1.500E-03 1.376E+03 1.371E+03
2.000E-03 6.173E+02 6.135E+02
3.000E-03 1.928E+02 1.901E+02
4.000E-03 8.277E+01 8.089E+01
5.000E-03 4.259E+01 4.113E+01
6.000E-03 2.464E+01 2.347E+01
8.000E-03 1.037E+01 9.507E+00
1.000E-02 5.330E+00 4.615E+00
1.500E-02 1.672E+00 1.282E+00
2.000E-02 8.098E-01 5.230E-01
3.000E-02 3.756E-01 1.474E-01
4.000E-02 2.683E-01 6.470E-02
5.000E-02 2.269E-01 3.940E-02
6.000E-02 2.059E-01 2.960E-02
8.000E-02 1.837E-01 2.400E-02
1.000E-01 1.707E-01 2.520E-02
1.500E-01 1.505E-01 2.770E-02
2.000E-01 1.370E-01 2.970E-02
3.000E-01 1.186E-01 3.200E-02
4.000E-01 1.061E-01 3.280E-02
5.000E-01 9.687E-02 3.300E-02
6.000E-01 8.956E-02 3.290E-02
8.000E-01 7.866E-02 3.210E-02
1.000E+00 7.072E-02 3.100E-02
1.250E+00 6.323E-02 2.950E-02
1.500E+00 5.754E-02 2.830E-02
2.000E+00 4.942E-02 2.600E-02
3.000E+00 3.969E-02 2.270E-02
4.000E+00 3.403E-02 2.050E-02
5.000E+00 3.031E-02 1.900E-02
6.000E+00 2.770E-02 1.800E-02
8.000E+00 2.429E-02 1.650E-02
1.000E+01 2.219E-02 1.550E-02
1.500E+01 1.941E-02 1.410E-02
2.000E+01 1.813E-02 1.340E-02
3.000E+01 1.710E-02 1.270E-02
4.000E+01 1.679E-02 1.230E-02
5.000E+01 1.674E-02 1.210E-02
6.000E+01 1.679E-02 1.200E-02
8.000E+01 1.702E-02 1.180E-02
1.000E+02 1.727E-02 1.170E-02
